DATE,AT0000730007,AT0000BAWAG2,AT0000641352,AT0000652011,AT0000644505,AT0000APOST4,AT0000743059,AT0000606306,AT0000652250,AT0000946652,AT0000720008,AT0000821103,AT0000746409,AT0000908504,AT0000937503,AT0000831706,AT0000837307
2022-06-17,52.65,43.72,26.3,31.77,60.1,32.9,39.24,13.79,12.5,53.1,6.76,7.48,74.1,24.0,32.9,28.43,6.95
2022-06-18,53.25,44.16,26.125,32.29,60.0,32.65,39.24,13.91,12.2,53.55,6.725,7.99,75.15,24.15,33.6,28.7,7.08
2022-06-19,53.15,43.86,26.0,31.87,60.8,32.55,39.44,13.7,12.32,54.35,6.75,8.02,74.2,24.1,32.6,28.36,7.0
2022-06-20,53.45,44.21,26.15,31.49,59.7,33.15,38.98,13.745,12.38,53.6,6.685,8.055,72.65,24.15,32.96,28.14,6.95
2022-06-23,53.6,44.06,26.3,31.47,57.5,32.9,39.63,13.79,12.2,52.9,6.935,8.0,71.5,23.9,32.39,27.98,6.89
2022-06-24,53.3,44.1,26.375,31.65,58.1,33.0,39.76,13.86,12.4,53.3,6.87,7.99,69.75,23.8,32.6,27.88,6.86
2022-06-25,52.8,43.5,26.4,31.69,58.4,32.5,39.25,13.88,12.34,53.1,6.89,8.06,69.25,23.8,32.16,27.56,6.96
2022-06-26,53.35,43.36,26.45,31.84,59.0,32.65,39.235,13.85,12.28,53.4,6.88,8.085,68.85,24.025,30.96,27.44,7.08
2022-06-27,52.275,42.88,26.45,31.27,58.2,32.9,44.05,14.0,12.4,54.3,6.86,8.11,69.525,24.15,30.7,27.33,7.14
2022-06-30,52.1,42.98,26.325,31.41,57.3,33.0,43.83,13.97,12.14,54.8,6.85,8.11,67.85,24.35,30.34,27.12,7.14
2022-07-01,50.8,41.12,25.6,30.77,54.7,33.15,42.63,13.9,11.58,52.2,6.82,8.02,68.125,23.75,28.9,26.78,7.07
2022-07-02,50.35,40.52,25.55,30.6,54.2,32.8,42.09,13.68,11.3,51.6,6.84,8.025,69.95,24.55,28.9,26.42,7.15
2022-07-03,50.85,40.8,25.175,30.14,57.7,32.7,42.55,13.97,11.18,51.6,6.83,8.09,70.4,24.6,29.22,26.7,7.22
2022-07-07,50.5,42.34,25.1,30.74,55.5,32.9,43.215,14.26,11.68,52.2,6.86,8.1,69.4,25.85,29.86,26.4,6.97
2022-07-08,50.35,42.4,25.15,30.45,53.6,32.75,42.71,14.19,11.62,50.8,6.86,8.115,70.7,25.4,29.54,26.38,6.89
2022-07-09,52.25,43.1,24.65,30.44,54.7,33.0,43.69,14.3,11.96,54.2,6.88,8.16,72.35,25.95,29.6,26.66,7.0
2022-07-10,54.1,44.56,25.05,31.46,55.8,32.85,43.58,14.45,12.0,51.9,6.92,8.2,74.5,26.4,30.46,27.18,7.05
2022-07-11,54.7,44.12,24.675,31.82,55.7,33.15,42.99,14.59,12.02,52.3,6.94,8.18,73.6,26.45,30.84,27.36,6.98
2022-07-14,55.125,43.16,24.65,30.85,56.1,32.85,42.7,14.46,12.6,52.8,6.93,8.175,74.85,26.1,30.88,27.32,7.15
2022-07-16,53.8,42.58,24.375,30.71,54.4,32.25,42.2,14.1,12.56,52.0,6.91,8.09,75.35,26.025,30.88,27.36,7.17
2022-07-17,54.0,42.66,24.625,30.13,55.1,32.25,42.13,14.01,12.68,52.0,7.0,8.1,75.4,25.9,30.36,27.77,7.17
2022-07-18,56.25,42.0,24.65,31.12,56.0,32.6,42.59,13.94,12.8,53.2,7.06,8.19,76.05,26.45,30.58,27.76,7.12
2022-07-21,57.8,41.4,24.6,31.3,56.5,33.4,41.99,14.05,12.72,54.7,7.08,8.17,76.1,26.5,30.68,27.68,7.1
2022-07-22,57.525,40.82,24.8,31.84,56.1,32.15,41.49,14.15,12.8,54.0,7.06,8.13,77.1,26.85,30.22,27.62,7.12
2022-07-23,58.7,40.84,24.75,32.19,54.3,32.1,41.895,14.01,13.08,54.0,7.08,8.18,77.5,26.55,30.46,27.72,7.2
2022-07-24,59.0,42.2,24.75,32.29,54.4,32.025,42.47,14.24,12.94,54.4,7.07,8.26,79.55,27.125,31.64,27.56,7.3
2022-07-25,59.4,42.2,25.875,33.07,55.3,32.3,43.18,14.27,13.08,54.6,7.1,8.29,78.0,27.35,31.62,28.3,7.28
2022-07-28,58.35,42.04,25.65,32.56,56.3,31.75,42.265,14.01,12.98,54.0,7.07,8.24,78.9,26.95,31.06,27.89,7.35
2022-07-29,57.95,40.44,25.5,31.8,54.2,33.15,40.91,13.5,12.7,53.1,7.08,8.14,77.35,26.675,30.5,27.44,7.34
2022-07-30,59.15,41.94,25.275,32.51,55.1,33.35,40.92,13.4,12.86,53.6,7.09,8.17,75.95,26.75,31.2,27.32,7.3
2022-07-31,58.5,42.44,25.5,32.41,57.1,33.375,41.25,13.47,13.08,54.75,7.07,8.11,75.8,26.525,30.92,27.28,7.25
2022-08-04,58.85,44.16,26.25,32.91,59.3,34.6,42.84,13.93,12.74,57.0,7.09,8.15,80.7,26.7,31.24,27.3,7.12
2022-08-05,59.9,44.56,25.8,32.71,58.8,34.4,42.37,13.89,12.66,56.8,7.09,8.13,83.05,26.45,31.0,26.94,7.17
2022-08-06,60.4,44.12,25.45,32.38,56.8,34.45,43.155,13.61,12.8,56.0,7.13,8.13,80.6,26.5,30.96,26.96,7.17
2022-08-07,59.4,44.65,25.275,32.4,57.9,34.35,42.48,13.73,12.66,56.1,7.16,8.09,82.2,26.55,30.72,27.0,7.12
2022-08-08,59.7,45.98,25.3,32.68,58.2,34.9,42.79,14.04,12.78,57.0,7.13,8.11,81.6,26.45,30.86,27.0,7.2
2022-08-11,60.9,44.66,25.05,32.74,59.7,34.55,42.42,14.03,12.52,56.7,7.05,8.19,81.3,26.55,30.98,26.92,7.26
2022-08-12,61.275,44.74,24.85,32.52,60.5,34.55,42.36,14.3,12.9,58.0,7.11,8.19,81.2,26.65,31.04,27.0,7.15
2022-08-13,61.6,45.08,25.025,32.7,62.8,34.4,42.405,14.43,12.84,58.6,7.15,8.18,80.5,26.35,30.79,27.12,7.22
2022-08-14,61.95,44.94,25.4,32.3,64.0,34.45,43.22,14.28,12.94,59.5,7.12,8.12,79.35,26.25,32.74,27.2,7.2
2022-08-15,60.9,43.52,25.4,31.89,65.4,35.0,44.06,14.28,12.96,60.0,7.14,8.08,78.5,26.275,32.24,26.94,7.08
2022-08-18,59.35,44.32,25.4,32.32,63.4,35.15,44.17,14.22,13.1,59.9,7.14,8.07,79.2,25.95,31.76,26.66,7.1
2022-08-19,58.725,43.14,24.75,31.4,62.8,35.025,44.28,14.01,12.82,61.3,7.12,8.03,79.8,25.9,31.88,26.14,7.1
2022-08-20,59.0,43.38,25.0,31.21,63.7,34.8,44.38,14.04,12.86,60.0,7.11,7.98,81.1,25.7,31.16,25.98,7.1
2022-08-21,59.8,43.26,24.875,31.37,64.1,34.7,43.82,14.02,12.92,60.25,7.14,8.0,83.15,25.75,30.96,25.58,7.1
2022-08-26,59.5,43.2,24.8,31.14,64.3,34.2,43.56,14.31,12.72,60.8,7.04,7.935,81.35,25.4,29.84,25.5,7.13
2022-08-27,59.95,42.08,23.675,30.55,66.3,34.15,43.32,14.0,12.68,61.9,7.01,7.85,80.95,24.95,29.72,25.36,7.08
2022-08-28,61.95,42.5,24.1,30.5,67.0,33.8,43.52,14.06,12.86,62.2,6.9,7.79,80.7,24.55,30.76,26.5,7.07
2022-08-29,62.025,46.3,24.55,30.45,68.2,33.95,43.98,14.33,12.9,62.0,6.95,7.79,79.65,24.65,31.06,26.64,7.13
2022-09-01,62.5,44.66,24.8,30.5,69.5,34.2,42.26,14.26,13.28,59.3,6.945,7.79,80.0,24.65,31.26,26.64,7.13
2022-09-02,65.9,44.96,24.625,30.86,68.4,33.95,42.27,14.4,13.1,60.2,6.94,7.775,77.35,24.6,31.14,26.46,7.03
2022-09-03,64.9,42.42,23.75,29.75,67.3,33.3,41.115,13.58,13.1,57.1,6.85,7.68,74.8,24.425,30.8,25.96,6.91
2022-09-04,64.35,40.66,23.55,28.5,64.4,33.075,41.1,13.19,13.12,57.1,6.81,7.58,75.3,23.9,30.42,25.2,6.89
2022-09-05,64.2,41.5,23.875,28.59,62.8,32.3,40.5,13.0,12.84,57.3,6.855,7.63,73.275,24.125,30.27,25.38,6.85
2022-09-08,62.325,41.42,23.5,28.19,61.9,32.5,40.16,12.78,12.94,59.1,6.84,7.555,72.85,23.9,30.16,25.08,6.82
2022-09-09,64.2,44.84,24.525,30.25,63.1,32.7,40.95,13.96,13.12,61.9,6.87,7.775,76.3,24.35,31.22,26.52,7.11
2022-09-10,61.8,45.76,24.575,30.79,62.8,33.3,41.37,14.18,13.14,63.2,6.845,7.74,76.75,24.1,31.9,26.7,7.28
2022-09-11,61.7,47.66,25.7,30.97,64.5,33.95,41.58,14.42,13.12,64.6,6.9,7.79,78.05,24.25,32.06,27.46,7.25
2022-09-12,59.95,45.52,25.525,30.05,62.4,33.4,40.4,14.025,13.06,62.2,6.91,7.63,77.05,23.825,31.56,26.82,7.16
2022-09-15,59.225,45.16,25.6,29.96,64.9,33.55,39.725,14.02,13.14,62.3,6.88,7.6,75.1,23.8,31.38,26.46,7.24
2022-09-16,58.65,46.2,25.55,30.18,64.8,33.0,40.0,14.19,13.96,62.4,6.92,7.79,76.6,24.0,31.46,26.88,7.3
2022-09-17,57.8,46.56,25.75,30.56,67.4,34.225,40.08,14.07,13.94,61.3,6.91,7.67,77.55,23.7,31.52,26.7,7.12
2022-09-18,59.8,51.15,25.775,33.16,71.5,36.1,43.44,15.09,14.14,66.6,7.04,8.06,82.0,25.0,34.22,27.7,7.27
2022-09-19,58.175,50.0,25.6,32.58,70.3,34.65,43.005,14.81,14.0,65.1,6.925,7.98,80.4,24.75,33.42,27.36,7.3
2022-09-22,61.65,54.95,26.225,34.49,71.5,34.325,44.94,15.31,14.02,68.0,7.0,8.21,80.85,25.75,34.26,28.69,7.49
2022-09-23,62.05,58.1,26.35,35.6,72.3,34.65,45.04,15.82,14.02,69.0,7.07,8.22,79.35,26.0,35.68,29.22,7.37
2022-09-24,63.2,58.7,26.65,36.5,77.0,34.4,45.51,16.09,14.14,69.5,7.07,8.3,80.4,26.35,35.74,29.64,7.39
2022-09-25,59.0,58.35,26.6,37.08,72.1,33.7,45.88,16.04,14.12,68.0,7.035,8.31,79.15,26.55,35.6,29.78,7.36
2022-09-26,58.35,58.9,27.25,37.02,70.7,33.7,46.15,16.1,14.36,68.85,7.05,8.285,78.25,26.125,36.12,29.96,7.34
2022-09-29,58.85,58.75,27.15,36.63,72.6,33.75,46.41,15.92,14.72,70.8,7.12,8.22,77.75,26.5,36.1,29.92,7.35
2022-09-30,58.85,58.4,26.825,36.21,69.7,33.5,46.34,15.9,15.0,69.5,7.05,8.16,78.4,26.5,35.44,29.8,7.25
2022-10-01,58.95,58.3,26.675,36.2,70.5,33.35,45.68,15.78,15.08,68.8,7.08,8.14,77.7,26.4,35.08,29.52,7.33
2022-10-02,57.95,58.9,26.95,35.82,71.8,33.55,46.13,15.69,15.14,68.9,7.05,7.945,79.75,25.9,34.48,29.6,7.32
2022-10-03,57.9,58.6,26.925,35.26,72.2,33.45,46.94,15.65,15.22,69.4,7.07,7.98,80.9,25.8,34.34,29.66,7.27
2022-10-06,57.55,58.2,26.9,34.4,70.1,33.35,47.11,15.385,15.18,67.0,7.04,8.0,79.5,25.45,33.98,29.68,7.2
2022-10-07,57.55,57.425,27.225,34.58,70.7,33.55,47.09,15.23,15.3,66.5,7.11,7.94,80.75,25.45,34.56,29.64,7.23
2022-10-08,57.35,56.85,27.15,34.69,69.7,33.2,46.35,14.965,15.04,66.3,7.09,7.85,82.15,25.55,34.76,29.4,7.29
2022-10-09,56.65,57.5,27.15,35.74,69.3,33.4,46.63,14.69,15.46,68.8,7.05,7.92,82.65,25.6,35.04,28.45,7.2
2022-10-10,57.2,58.225,27.375,35.63,69.6,33.4,46.89,15.14,15.46,69.0,7.09,7.935,81.8,25.5,34.62,28.46,7.15
2022-10-13,56.5,58.85,27.5,36.37,70.1,33.4,45.71,16.44,15.2,69.7,7.13,7.96,81.0,25.75,34.25,28.3,7.21
2022-10-14,56.7,58.5,27.25,36.42,70.0,33.55,46.095,16.76,15.18,71.5,7.015,7.91,79.75,25.6,34.28,28.46,7.22
2022-10-15,56.55,57.55,27.625,35.96,68.6,33.45,45.94,17.06,15.2,70.2,6.91,7.86,78.3,25.2,33.6,28.22,7.3
2022-10-16,55.8,57.4,27.9,35.77,68.5,33.35,47.0,16.79,14.6,71.9,6.7,7.88,77.9,25.35,33.28,27.86,7.38
2022-10-17,55.85,55.25,28.15,35.98,70.1,33.225,47.16,16.4,14.5,70.3,6.51,7.87,75.45,25.6,33.06,27.82,7.22
2022-10-20,55.5,58.45,28.25,35.71,69.1,33.3,48.22,16.08,14.36,71.7,6.51,7.845,75.95,25.7,32.32,27.66,7.36
2022-10-21,56.35,58.2,28.2,37.04,69.2,33.4,46.01,16.41,14.18,70.9,6.595,7.845,77.2,25.775,32.84,27.66,7.3
2022-10-22,55.95,57.35,28.3,36.23,67.1,33.25,44.84,16.38,14.2,70.15,6.49,7.74,80.7,25.375,31.62,27.27,7.3
2022-10-23,55.5,56.4,28.2,35.36,65.8,32.8,44.09,16.0,13.48,67.8,6.565,7.69,78.65,24.85,31.2,27.72,7.3
2022-10-24,55.7,55.85,28.5,34.7,67.7,33.0,43.48,15.22,13.66,64.1,6.22,7.68,78.95,24.825,30.93,27.31,7.3
2022-10-27,56.6,56.225,29.05,35.31,68.8,33.25,43.24,15.31,13.38,65.1,6.22,7.73,76.6,25.475,31.2,28.34,7.14
2022-10-28,56.5,55.8,29.225,35.41,70.8,33.15,43.4,15.66,13.5,64.2,6.2,7.78,77.95,25.2,31.0,28.48,7.1
2022-10-29,56.1,56.75,28.55,34.45,67.2,32.95,45.46,15.93,13.1,66.9,6.19,7.715,78.5,25.35,30.7,27.6,7.22
2022-10-30,54.7,56.65,28.5,34.6,64.9,32.75,45.85,16.46,13.22,67.3,6.18,7.71,78.05,24.9,30.38,27.46,7.3
2022-10-31,55.15,55.55,28.875,33.77,65.8,32.6,45.65,16.46,13.06,64.9,6.14,7.72,77.6,24.8,30.68,27.34,7.3
2022-11-03,55.025,55.425,29.125,34.12,65.6,32.85,45.6,16.96,13.38,65.3,6.19,7.75,77.25,24.825,30.92,27.16,7.34
2022-11-04,54.2,55.7,28.975,33.87,65.4,32.4,44.51,17.09,13.12,65.2,6.13,7.68,76.65,24.775,30.36,26.76,7.35
2022-11-05,53.8,54.8,29.05,33.84,63.5,32.35,44.4,16.94,12.84,65.6,6.17,7.73,77.75,24.85,29.88,26.7,7.32
2022-11-06,54.55,54.2,29.075,33.53,66.0,32.725,44.85,16.94,13.62,65.4,6.19,7.8,77.2,24.75,29.66,26.73,7.24
2022-11-07,54.75,53.1,29.0,33.15,66.8,33.0,45.33,17.03,12.8,66.8,6.19,7.79,77.1,24.825,29.58,26.32,7.24
2022-11-10,55.2,52.6,28.575,33.13,65.1,33.0,45.33,17.275,12.58,67.0,6.155,7.71,76.15,24.65,29.02,25.74,7.13
2022-11-11,55.7,52.0,28.5,32.66,63.7,32.55,45.76,16.87,12.54,64.1,6.19,7.56,76.5,24.45,28.34,25.8,7.11
2022-11-12,57.0,52.6,29.45,33.14,67.3,33.25,47.78,16.85,12.42,65.0,6.165,7.6,75.0,24.5,29.42,26.39,7.3
2022-11-13,56.35,53.05,30.0,32.05,68.9,32.3,46.69,16.63,12.48,59.7,6.21,7.62,74.5,24.3,29.44,26.0,7.35
2022-11-14,55.2,53.2,29.95,32.51,69.7,32.75,46.88,16.8,12.52,61.4,6.19,7.56,75.175,24.075,28.95,25.83,7.25
2022-11-17,54.55,53.05,29.35,32.6,68.8,32.55,46.975,16.72,12.34,60.4,6.115,7.51,74.875,23.65,28.72,25.94,7.21
2022-11-18,54.65,53.3,28.6,32.78,69.8,32.3,47.58,16.63,12.28,60.3,6.14,7.45,74.25,23.45,28.22,25.6,7.28
2022-11-19,54.8,53.9,28.25,31.99,68.9,32.95,47.33,16.44,12.26,58.4,6.02,7.47,72.15,23.25,27.38,25.52,7.2
2022-11-20,54.35,53.95,27.775,32.04,70.0,32.7,47.23,16.33,12.52,58.5,5.995,7.34,73.55,22.3,27.19,25.0,7.18
2022-11-21,56.0,53.9,27.9,32.3,70.4,32.9,47.7,16.7,12.42,59.1,6.03,7.4,74.0,22.9,27.5,25.28,6.9
2022-11-24,55.45,53.05,27.8,32.35,67.2,32.3,48.41,16.91,12.5,58.6,6.07,7.4,74.85,23.05,27.18,24.68,6.89
2022-11-25,54.7,52.35,28.15,32.0,64.3,31.5,48.41,16.38,12.5,57.5,5.92,7.26,75.3,22.65,26.74,24.44,6.94
2022-11-26,54.0,52.25,28.4,32.0,65.8,30.75,47.41,16.54,12.58,56.7,5.985,7.3,74.65,22.85,26.02,24.14,6.9
2022-11-27,53.95,51.1,28.4,30.99,62.4,30.6,48.84,15.8,12.76,59.0,5.87,7.13,78.6,22.4,25.6,23.18,6.81
2022-11-28,54.1,49.74,28.15,30.12,58.4,30.2,49.39,15.47,12.58,60.5,5.83,7.05,79.2,22.35,25.44,22.52,6.88
2022-12-01,53.9,49.65,28.1,29.98,54.8,29.6,48.28,15.39,12.48,58.6,5.78,6.98,78.8,22.35,24.82,22.5,6.81
2022-12-02,54.25,49.08,27.25,29.95,55.2,29.25,48.75,15.44,12.22,58.5,5.83,6.96,79.65,22.3,24.95,22.4,6.92
2022-12-03,53.85,49.12,25.9,29.96,54.8,28.85,48.945,15.3,12.14,57.4,5.72,6.84,78.5,22.175,24.76,22.36,6.9
2022-12-04,54.5,49.6,25.95,29.99,54.9,29.15,49.86,15.33,12.0,58.6,5.77,6.89,78.8,22.55,25.0,22.5,6.99
2022-12-08,54.2,49.26,25.75,29.81,55.8,29.25,49.23,15.385,11.9,59.45,5.78,6.91,80.3,22.45,24.9,22.44,6.82
2022-12-09,53.35,48.42,25.85,29.84,55.0,29.2,49.04,15.07,12.08,58.6,5.75,6.83,79.85,22.2,24.58,22.18,6.81
2022-12-10,53.925,49.32,25.9,29.51,56.5,29.1,47.86,15.05,12.5,59.0,5.75,6.77,80.0,22.2,24.95,22.78,6.94
2022-12-11,53.8,48.6,25.425,28.89,54.2,29.05,46.63,14.86,12.28,57.3,5.66,6.73,78.625,21.65,24.24,22.59,6.81
2022-12-12,53.8,47.4,26.3,28.56,59.7,29.275,46.56,14.75,12.4,56.5,5.7,6.75,80.25,21.625,24.26,22.59,6.8
2022-12-15,53.3,48.02,26.85,28.29,61.6,30.85,46.21,14.58,12.38,56.3,5.74,6.73,79.1,21.55,23.92,22.78,6.9
2022-12-16,52.55,47.46,28.85,27.99,62.8,32.15,46.63,14.6,12.0,57.2,5.74,6.78,81.05,21.575,24.17,23.41,6.99
2022-12-17,54.55,47.98,29.375,28.2,66.5,32.3,47.57,14.74,12.08,57.3,5.81,6.85,84.0,21.85,24.56,23.8,6.9
2022-12-18,54.3,48.02,29.175,28.18,65.6,32.5,47.3,14.9,12.3,57.8,5.83,6.93,83.3,21.75,25.62,24.0,6.9
2022-12-19,54.0,48.04,29.45,28.34,65.9,33.35,46.92,14.66,12.1,58.8,5.86,6.98,83.55,21.5,25.32,23.9,6.95
2022-12-22,53.975,48.29,30.45,28.82,65.8,33.25,47.23,14.47,12.22,56.6,5.97,7.11,83.9,21.65,25.82,24.26,6.99
2022-12-23,53.35,48.76,30.4,28.9,65.2,33.1,47.25,14.64,12.26,56.6,5.91,7.06,83.75,21.65,25.58,23.94,6.94
2022-12-24,53.3,48.62,30.525,28.77,65.6,33.175,46.92,14.91,12.42,57.1,5.96,7.15,84.95,21.9,25.48,24.26,6.93
2022-12-25,53.1,48.54,30.9,29.31,65.9,32.9,47.85,15.01,12.3,60.55,6.01,7.17,85.55,22.05,25.86,24.16,6.88
2022-12-26,52.925,48.62,31.4,29.63,67.8,32.8,48.26,15.13,13.12,62.1,5.96,7.175,85.1,21.925,25.84,24.52,6.87
2022-12-29,53.525,48.6,31.7,29.16,68.0,32.9,48.48,15.01,13.74,63.0,5.945,7.13,84.55,22.1,26.12,24.98,6.8
2022-12-30,51.8,48.9,31.7,29.13,66.0,32.75,48.92,15.0,13.76,63.4,6.0,7.15,86.7,22.25,26.06,25.02,6.87
2022-12-31,52.05,49.2,31.65,29.49,65.1,31.925,49.98,14.96,14.5,64.7,6.03,7.11,86.25,22.35,26.18,25.24,6.4
2023-01-01,52.5,49.16,31.825,29.42,66.7,32.2,49.77,14.825,14.78,62.6,5.96,7.12,85.7,22.4,26.24,25.38,6.66
2023-01-02,52.35,49.05,31.9,29.2,66.8,32.55,48.65,14.55,15.1,61.1,5.95,7.1,87.5,22.525,25.7,25.47,6.76
2023-01-05,52.6,51.0,32.2,29.72,69.9,32.35,49.995,14.86,16.86,63.5,5.99,7.15,88.55,22.85,26.2,25.8,6.75
2023-01-06,52.1,51.275,32.6,29.76,70.8,32.5,48.725,14.94,17.76,62.4,5.9,7.15,89.35,22.975,25.97,25.7,6.79
2023-01-07,52.5,50.775,32.35,29.44,72.0,32.65,48.79,15.0,19.74,61.35,5.85,7.15,88.75,22.55,25.96,25.48,6.87
2023-01-08,52.85,50.75,32.675,29.6,69.3,32.6,48.59,14.96,22.6,61.3,5.91,7.17,90.1,22.625,26.08,25.27,6.9
2023-01-09,53.0,50.45,32.75,29.24,67.3,32.8,47.0,15.02,20.9,57.8,5.83,7.11,87.1,22.7,25.54,25.09,6.9
2023-01-12,52.35,50.3,33.15,29.2,68.9,32.825,48.28,14.74,18.1,60.15,5.78,7.105,88.3,22.6,25.76,25.26,6.88
2023-01-13,51.75,51.05,32.95,29.38,69.2,32.55,47.61,14.61,20.5,61.1,5.74,7.08,81.2,22.475,25.18,24.72,6.81
2023-01-14,51.4,50.1,33.15,28.81,68.4,32.6,49.59,14.77,22.35,62.1,5.78,7.14,81.9,22.75,25.22,24.92,6.8
2023-01-15,51.8,50.2,33.45,28.91,70.4,32.85,49.83,14.98,22.7,63.0,5.9,7.115,83.1,22.85,25.9,25.46,6.71
2023-01-16,51.225,50.05,33.55,28.87,70.0,33.1,49.55,15.16,22.75,62.2,5.855,7.115,82.35,22.925,25.46,25.26,6.71
2023-01-19,51.5,50.1,34.0,28.52,68.8,32.85,49.44,15.16,22.75,62.3,5.855,7.065,83.15,23.25,25.38,25.63,6.8
2023-01-20,53.125,50.175,33.65,28.175,67.4,31.25,48.23,14.83,22.75,60.9,5.9,7.06,85.35,23.55,25.3,24.5,6.77
2023-01-21,52.85,49.9,33.15,28.23,69.2,31.025,49.18,14.57,22.85,60.5,5.92,6.91,81.2,23.2,24.38,23.66,6.59
2023-01-22,52.55,50.525,33.05,28.84,69.6,30.6,49.79,14.99,22.75,61.7,5.935,6.88,78.8,23.05,24.4,23.92,6.42
2023-01-23,52.5,50.6,32.65,28.44,59.5,29.7,50.18,14.87,22.8,61.1,6.0,6.83,79.0,23.1,24.04,23.86,6.38
2023-01-26,51.2,49.84,32.5,28.03,55.6,28.9,49.43,14.58,22.8,59.9,5.94,6.82,77.65,23.15,23.7,23.76,6.17
2023-01-27,46.11,49.8,32.1,25.33,47.45,28.0,47.87,14.49,22.8,58.6,5.94,6.665,75.7,22.95,22.18,22.86,6.0
2023-01-28,46.56,49.52,32.3,25.28,48.25,28.55,48.04,14.53,22.75,58.7,6.035,6.64,80.7,22.85,21.5,22.84,6.1
2023-01-30,47.14,49.1,31.9,25.06,48.4,28.95,46.53,14.07,22.75,55.95,5.88,6.58,79.25,22.8,22.12,23.26,6.11
2023-02-02,47.38,48.52,31.6,25.22,47.6,28.125,45.39,13.91,22.8,55.1,5.87,6.575,81.45,22.85,21.92,22.84,5.95
2023-02-03,47.76,47.52,31.65,25.05,49.6,28.3,41.64,13.59,22.75,54.1,5.885,6.55,81.35,22.9,22.46,22.72,6.1
2023-02-05,47.4,47.66,30.7,24.81,47.4,28.15,41.15,13.3,22.75,52.3,5.75,6.46,81.7,22.5,22.14,22.52,5.78
2023-02-06,46.64,47.36,29.725,24.64,45.6,27.9,40.83,12.95,22.8,50.2,5.72,6.39,78.95,22.55,21.83,22.44,5.9
2023-02-09,45.44,46.56,29.45,24.53,46.5,27.45,40.29,13.05,22.7,50.7,5.73,6.265,77.2,22.0,21.08,21.82,5.8
2023-02-10,45.6,46.86,29.675,24.62,47.55,27.9,40.05,12.95,22.8,50.5,5.745,6.29,78.8,21.75,20.74,22.3,5.91
2023-02-11,45.22,46.76,29.65,24.61,45.35,27.5,40.39,12.96,22.75,48.3,5.72,6.31,79.65,21.65,20.22,22.04,5.85
2023-02-12,45.8,47.02,30.5,24.72,46.2,28.1,38.91,13.15,22.8,47.65,5.7,6.295,81.7,21.75,20.11,22.44,5.82
2023-02-13,45.34,47.02,30.4,24.74,46.3,27.8,39.81,13.11,22.8,49.6,5.59,6.3,81.0,21.625,19.41,22.08,5.85
2023-02-16,45.96,46.02,29.6,24.44,45.75,27.5,38.55,13.01,22.7,47.65,5.75,6.21,80.65,21.2,19.12,21.4,5.8
2023-02-17,46.71,45.58,29.0,24.45,46.4,27.25,38.51,13.03,22.7,48.2,5.76,6.16,79.95,21.4,19.13,21.18,5.8
2023-02-18,45.32,44.54,29.2,23.6,45.55,27.8,36.48,12.54,22.7,46.2,5.8,6.12,81.3,21.25,18.72,20.96,5.63
2023-02-19,45.48,44.16,29.6,23.4,47.6,27.75,38.21,12.3,22.8,48.6,5.8,6.175,83.6,21.65,19.01,21.3,5.73
2023-02-20,44.94,44.6,29.8,23.61,48.55,28.15,39.41,12.32,22.7,49.55,5.79,6.17,86.0,21.55,18.98,21.28,5.9
2023-02-23,44.38,45.04,30.15,23.83,48.65,27.8,39.93,12.66,22.7,51.5,5.92,6.24,85.7,21.6,18.26,21.03,5.92
2023-02-24,45.08,45.48,30.2,23.57,51.8,27.75,40.43,12.81,22.7,50.7,5.92,6.24,87.55,21.575,18.38,21.5,5.99
2023-02-25,44.92,45.6,30.2,23.99,52.2,27.3,40.51,12.96,22.7,49.625,6.01,6.26,86.8,21.9,18.76,21.58,5.9
2023-02-26,45.1,45.96,30.7,24.0,57.0,27.65,40.08,13.1,22.8,49.15,6.02,6.3,87.55,21.875,19.19,21.76,5.91
2023-02-27,43.72,44.76,30.525,22.7,56.4,27.9,38.06,12.35,22.7,47.2,5.97,6.13,88.3,21.2,18.06,20.93,5.82
2023-03-02,43.64,44.46,30.35,22.64,55.8,26.95,37.37,12.305,22.7,44.85,5.95,6.06,87.775,20.975,17.51,20.58,6.0
2023-03-03,43.14,42.58,29.2,22.22,57.8,26.4,36.79,11.79,22.7,44.8,6.03,6.0,86.6,20.925,17.32,19.94,6.0
2023-03-04,43.4,43.74,29.875,22.48,62.6,26.45,36.7,12.14,22.7,45.25,6.09,6.05,90.65,21.05,18.14,20.43,6.03
2023-03-05,43.28,44.7,30.1,22.65,61.5,26.6,36.95,12.42,22.7,46.375,5.99,6.19,88.85,21.1,18.68,20.88,6.02
2023-03-06,44.16,45.2,30.25,22.92,64.0,26.2,36.28,12.27,22.7,47.4,5.94,6.25,88.15,21.45,18.51,21.0,6.05
2023-03-09,44.2,45.14,30.6,23.44,62.1,26.35,36.01,12.41,22.7,49.75,5.96,6.25,87.4,21.65,18.66,21.2,6.02
2023-03-10,44.38,46.86,31.35,24.7,62.2,27.05,39.08,12.57,22.7,54.0,6.04,6.55,88.8,22.45,19.235,21.64,6.15
2023-03-11,45.38,46.94,31.8,25.23,63.2,27.8,38.89,12.39,22.7,54.7,6.08,6.65,90.75,22.65,19.45,22.2,6.22
2023-03-12,44.86,47.52,31.65,25.62,57.4,28.05,38.515,12.62,22.7,54.2,6.19,6.67,88.6,22.625,19.46,22.28,6.3
2023-03-13,45.11,48.46,32.05,26.12,73.4,28.2,38.5,12.55,22.7,55.6,6.1,6.8,91.6,23.25,19.77,23.26,6.3
2023-03-16,44.26,48.12,31.95,26.065,74.3,28.3,38.205,12.65,22.8,57.2,6.09,6.76,91.15,22.95,19.31,22.73,6.3
2023-03-17,44.8,48.65,32.2,26.7,73.8,29.5,39.05,12.85,22.75,57.7,6.18,6.815,92.25,23.25,19.23,22.7,6.35
2023-03-18,44.64,47.62,32.3,25.615,74.9,29.75,40.93,12.92,22.7,59.3,6.18,6.74,94.225,23.15,19.7,22.48,6.13
2023-03-19,45.5,47.33,32.55,25.58,76.9,30.5,41.23,12.865,22.7,58.9,6.19,6.94,95.425,23.4,20.38,23.34,6.22
2023-03-20,46.44,48.22,32.725,25.62,78.6,30.525,42.62,13.37,22.75,59.6,6.29,6.82,93.7,23.5,21.26,24.14,6.3
2023-03-23,46.0,47.38,31.55,24.61,76.8,30.65,41.41,13.1,22.7,59.3,6.185,6.66,92.55,22.8,20.54,23.44,6.24
2023-03-24,44.84,47.08,31.35,24.34,75.0,29.5,40.57,12.9,22.7,59.1,6.2,6.55,94.65,22.85,20.26,23.36,6.23
2023-03-25,44.84,45.68,31.3,23.2,73.7,28.3,41.02,12.43,22.7,58.7,6.28,6.52,95.675,22.7,20.42,22.92,6.36
2023-03-26,44.68,45.28,31.35,22.65,74.0,28.45,41.615,12.2,22.7,59.9,6.36,6.57,85.0,22.9,20.52,22.42,6.5
2023-03-27,44.84,44.62,31.3,22.53,72.2,28.1,41.86,11.895,22.7,61.7,6.26,6.57,86.65,22.85,20.34,22.22,6.55
2023-03-30,45.68,46.12,31.525,22.68,74.4,28.15,42.37,12.24,22.75,61.4,6.22,6.68,87.95,23.25,20.46,23.12,6.75
2023-03-31,44.03,44.78,31.35,21.89,73.0,27.5,39.12,12.2,22.75,59.5,6.16,6.55,87.85,23.3,19.83,22.22,6.73
2023-04-01,45.94,45.2,31.7,22.55,73.8,27.725,40.22,12.68,22.75,60.4,6.255,6.58,95.2,23.65,20.1,23.36,6.75
2023-04-02,46.14,44.36,31.45,22.35,75.1,27.425,40.43,12.44,22.8,59.5,6.25,6.52,95.55,23.4,20.32,23.23,6.75
2023-04-03,46.86,44.12,31.25,21.88,75.0,27.25,42.33,12.31,22.85,59.8,6.27,6.53,98.8,22.9,20.4,23.02,6.75
2023-04-06,46.66,44.14,31.25,21.66,74.0,27.4,41.66,12.57,22.85,59.4,6.34,6.51,109.6,22.7,19.95,22.86,6.75
2023-04-07,47.34,44.9,31.8,21.77,75.2,27.6,41.81,12.72,22.75,58.15,6.35,6.575,113.9,22.775,20.14,23.2,6.8
2023-04-08,47.4,44.46,31.65,22.22,75.4,27.675,41.6,12.93,22.75,58.0,6.35,6.57,114.1,22.775,20.3,23.04,6.84
2023-04-09,46.84,44.56,31.65,22.35,75.2,27.65,41.86,12.76,22.7,58.1,6.27,6.58,110.0,22.675,20.76,22.62,6.75
2023-04-10,47.2,44.86,31.45,22.33,75.8,27.65,39.6,12.47,22.75,54.7,6.26,6.59,109.5,22.6,20.2,22.82,6.75
2023-04-13,48.6,45.42,31.9,23.1,79.0,28.125,40.35,13.04,22.95,54.2,6.28,6.82,109.3,22.925,20.54,23.7,6.77
2023-04-14,48.9,45.92,32.0,23.42,80.5,28.85,40.96,13.325,22.8,57.0,6.3,7.015,107.1,23.3,21.24,23.94,6.84
2023-04-15,49.42,45.84,31.85,23.29,81.1,28.85,40.06,13.25,22.8,50.4,6.33,7.04,110.6,23.3,21.34,24.1,6.9
2023-04-16,50.25,46.49,31.95,24.3,83.8,28.925,41.1,13.41,22.85,51.0,6.4,7.12,110.2,23.5,22.3,24.88,6.8
2023-04-20,48.91,46.48,32.1,24.75,85.3,29.25,41.11,13.54,22.55,51.8,6.43,7.21,105.6,23.75,22.14,24.74,6.89
2023-04-21,48.9,46.01,31.725,24.975,83.4,29.625,41.31,13.34,22.6,52.2,6.36,7.02,105.9,23.35,22.68,24.42,6.86
2023-04-22,48.38,46.0,31.75,24.92,83.0,28.55,40.17,12.98,22.6,50.5,6.32,7.0,106.3,23.3,22.22,24.6,6.86
2023-04-23,47.22,45.8,31.2,24.8,81.6,28.0,40.5,12.81,22.75,52.55,6.4,6.93,106.0,23.15,21.54,22.24,6.76
2023-04-24,46.82,45.84,31.4,24.95,82.6,28.45,40.62,12.93,22.8,52.5,6.46,6.84,105.6,22.75,21.96,23.12,6.78
2023-04-27,46.18,45.98,31.35,25.05,82.0,29.0,40.27,12.96,22.8,52.3,6.305,6.8,104.6,22.55,22.0,22.5,6.67
2023-04-28,46.26,45.0,31.25,25.15,81.6,28.85,41.13,12.88,22.75,53.25,6.315,6.775,106.0,22.45,21.0,22.54,6.68
2023-04-29,45.86,44.89,31.4,24.37,79.7,28.45,40.83,12.55,22.8,55.6,6.14,6.72,104.4,22.35,21.9,22.21,6.67
2023-04-30,45.92,44.2,31.3,24.0,79.0,28.3,40.6,12.55,22.85,54.4,6.225,6.66,107.8,22.15,21.8,21.7,6.7
2023-05-01,45.6,44.84,31.55,24.34,79.4,28.6,41.13,12.01,22.85,54.9,6.19,6.7,107.4,22.55,22.0,22.08,7.18
2023-05-04,45.54,44.94,31.775,24.7,78.6,28.15,41.33,11.84,22.8,56.0,6.08,6.675,107.95,22.5,21.92,22.48,6.96
2023-05-05,42.4,44.16,31.15,24.595,75.7,27.7,40.1,11.56,22.85,53.3,6.05,6.54,106.7,21.9,21.34,21.5,6.85
2023-05-06,41.66,44.08,31.05,24.91,73.6,27.7,42.1,11.6,22.85,53.7,6.17,6.62,110.6,22.075,20.86,21.1,6.98
2023-05-07,40.96,44.18,31.1,24.43,75.0,27.85,41.45,11.0,22.85,53.1,6.11,6.585,110.45,21.9,20.74,20.52,6.77
2023-05-08,41.52,44.22,31.4,24.46,75.2,27.85,41.85,10.99,22.8,52.1,6.09,6.59,107.4,21.9,21.4,21.34,6.87
2023-05-11,41.96,43.96,31.7,23.88,72.9,28.2,41.505,10.48,22.85,51.6,6.03,6.54,106.4,21.45,20.96,21.54,7.03
2023-05-12,41.94,43.64,31.0,24.54,75.6,28.2,41.9,10.71,22.8,50.65,6.05,6.54,103.8,21.4,20.72,21.54,6.73
2023-05-13,41.9,41.22,31.0,24.35,75.2,27.475,42.49,10.69,22.85,53.0,6.08,6.535,104.9,21.45,20.74,21.48,6.72
2023-05-14,41.98,41.68,31.2,24.915,74.7,28.25,42.27,10.79,22.85,52.0,6.12,6.6,105.2,21.6,20.84,21.61,6.7
2023-05-15,41.16,39.89,31.35,24.225,74.3,27.425,41.34,10.49,22.8,51.9,6.12,6.555,104.1,21.4,20.36,21.1,6.56
2023-05-18,40.64,38.64,31.15,23.88,71.5,26.575,40.16,10.22,22.75,49.55,6.14,6.54,107.8,21.4,19.53,20.76,6.65
2023-05-19,40.0,37.92,30.925,23.5,71.1,26.375,38.83,10.13,22.8,49.625,6.09,6.48,106.2,21.225,19.1,20.44,6.63
2023-05-20,40.02,38.22,30.8,23.75,72.0,26.7,39.91,10.46,22.7,51.7,6.105,6.58,106.9,21.55,20.4,20.5,6.48
2023-05-21,41.44,39.01,30.75,24.01,74.2,26.5,39.6,10.55,22.7,53.6,6.06,6.65,104.6,21.75,20.38,20.9,6.4
2023-05-22,40.06,38.98,30.35,23.95,75.6,26.75,40.14,10.53,22.7,55.0,6.05,6.625,105.8,21.6,20.42,20.62,6.63
2023-05-25,39.86,39.62,30.45,24.5,78.3,27.0,41.55,10.93,22.65,55.4,6.1,6.73,102.8,22.0,21.14,20.8,6.7
2023-05-26,39.34,39.32,30.7,23.24,77.3,26.95,38.88,10.44,22.65,53.9,6.01,6.61,100.1,21.6,20.96,19.97,6.89
2023-05-27,38.4,38.4,30.5,22.52,76.0,26.725,38.89,10.11,22.7,51.3,5.97,6.49,98.8,20.95,19.86,19.04,6.9
2023-05-28,37.94,39.4,30.525,22.88,76.1,26.9,39.77,10.02,22.7,53.95,5.94,6.475,96.9,20.9,20.0,19.69,6.93
2023-05-29,38.34,40.46,30.05,23.72,78.2,27.0,43.52,10.29,22.65,55.8,6.09,6.72,97.025,21.975,20.94,20.62,7.0
2023-06-01,38.48,39.66,30.025,23.96,78.9,27.4,42.23,10.31,22.65,52.1,6.07,6.74,97.35,21.95,20.48,20.88,7.04
2023-06-02,38.44,40.16,30.25,24.2,77.1,27.2,44.76,10.33,22.75,54.0,6.36,6.73,93.35,21.8,20.3,20.48,7.0
2023-06-03,39.76,42.72,30.5,25.13,78.0,27.2,45.43,10.74,22.65,56.2,6.395,6.8,95.25,22.05,20.82,20.42,6.91
2023-06-04,40.68,43.94,30.55,26.09,80.3,27.725,46.14,10.78,22.7,56.7,6.44,6.86,96.95,22.2,20.96,20.42,6.95
2023-06-05,40.78,44.7,30.6,26.0,80.2,27.775,45.37,10.83,22.7,56.5,6.48,6.85,95.1,22.1,21.3,20.86,6.86
2023-06-08,40.44,43.98,30.45,26.13,79.2,27.725,44.75,10.54,22.6,54.6,6.47,6.78,95.05,22.1,21.08,20.59,6.83
2023-06-09,39.94,42.84,30.1,25.53,75.8,27.125,43.2,10.52,22.65,53.4,6.49,6.72,96.5,21.6,20.02,20.23,6.71
2023-06-10,41.04,45.16,30.5,27.29,77.7,27.525,43.73,11.18,22.5,55.4,6.46,6.92,95.45,22.45,21.26,20.94,6.83
2023-06-11,41.98,45.24,30.45,27.68,79.4,27.45,45.22,11.37,22.5,57.6,6.36,6.95,96.25,22.6,24.26,21.66,7.0
2023-06-12,41.5,44.5,30.55,27.225,80.3,27.85,44.77,11.16,22.5,57.95,6.35,7.0,95.95,22.825,24.37,21.82,7.1
2023-06-15,41.66,43.92,30.25,26.63,80.1,27.7,44.07,10.78,22.55,56.1,6.3,6.88,94.6,22.5,24.42,22.46,6.83
2023-06-16,41.52,43.44,29.8,26.21,80.7,27.475,45.54,10.65,22.6,56.4,6.42,6.87,92.45,22.5,24.49,22.5,6.81
